http://news.weather.com.cn/2015/07/2354005.shtml
http://news.weather.com.cn/2015/07/2354006.shtml
http://p.weather.com.cn/2015/07/tqxc/2354034.shtml
http://news.weather.com.cn/2015/07/2354038.shtml
http://news.weather.com.cn/2015/07/2353949.shtml
http://www.weather.com.cn/tfzt/2353878.shtml
http://p.weather.com.cn/2015/07/tqxc/2353346.shtml
http://news.weather.com.cn/2015/07/2353159.shtml
http://news.weather.com.cn/2015/07/2353986.shtml
http://news.weather.com.cn/2015/07/2352921.shtml
http://news.weather.com.cn/2015/07/2352928.shtml
http://news.weather.com.cn/2015/07/2353089.shtml
http://news.weather.com.cn/2015/07/2352953.shtml
http://news.weather.com.cn/2015/07/2353881.shtml
http://www.weather.com.cn/zt/tqzt/352401.shtml
http://p.weather.com.cn/2015/07/tqxc/2352783.shtml
http://p.weather.com.cn/2015/07/tqxc/2352782.shtml
http://news.weather.com.cn/2015/07/2352764.shtml
http://news.weather.com.cn/2015/07/2352737.shtml
http://news.weather.com.cn/2015/07/2352496.shtml
http://news.weather.com.cn/2015/07/2352474.shtml
http://news.weather.com.cn/2015/07/2352516.shtml
http://news.weather.com.cn/2015/07/2352349.shtml
http://news.weather.com.cn/2015/07/2352409.shtml
http://news.weather.com.cn/2015/07/2352159.shtml
http://news.weather.com.cn/2015/07/2352273.shtml
http://news.weather.com.cn/2015/07/2351728.shtml
http://news.weather.com.cn/2015/07/2351912.shtml
http://news.weather.com.cn/2015/07/2351732.shtml
http://news.weather.com.cn/2015/07/2351166.shtml
http://news.weather.com.cn/2015/07/2351169.shtml
http://news.weather.com.cn/2015/07/2351126.shtml
http://news.weather.com.cn/2015/07/2350930.shtml
http://news.weather.com.cn/2015/07/2350799.shtml
http://news.weather.com.cn/2015/07/2350678.shtml
http://news.weather.com.cn/2015/07/2350616.shtml
http://news.weather.com.cn/2015/07/2350622.shtml
http://news.weather.com.cn/2015/07/2350640.shtml
http://news.weather.com.cn/2015/07/2350661.shtml
http://news.weather.com.cn/2015/07/2350560.shtml
